4.28789274618396 8183
-6.796165361370489 4305
7.087715743540059 9772
5.597611740895257 1122
0.9715580364791432 5240
4.703148191344777 9302
8.994210981528798 9208
-6.664146936675666 2150
-9.1959617158233 6174
3.049722085324291 584
-3.1245717722344013 9117
-1.6552364031440643 4184
-7.010386755248518 1707
6.505699733427576 2008
-5.669800901732065 8827
9.769475953020972 6643
0.053880380922633364 1042
-3.970968115297609 4449
-4.37720902543929 7595
-9.925608743447148 7845
-0.6735040802162793 8658
-7.865704795163133 175
3.977039397647271 10
-9.009227377424887 7139
4.136182084762304 6369
-7.133998857062293 7632
4.738431030075718 7573
5.812610230648627 8810
0.06905934044985962 4476
0.2547229841660261 4417
4.393650213359537 5465
8.98240728901662 2460
6.020627107717754 800
9.349227939853577 2530
4.836563221598118 9771
6.930179635865009 5740
-3.6962279466980945 4614
8.115086147083296 3477
-0.9890086438564634 5399
-8.553956924811676 7087
7.559395839143367 5526
3.1770621374526193 8895
2.342006986882934 2417
6.772637993734424 3879
-0.34141081025120634 9143
0.8781068738775417 5058
-8.949453135676539 3271
2.399825980166618 8524
6.198958875211126 5940
2.3470129238995305 3862
6.9941454991310685 6481
-9.264569431838849 7606
-2.9513310054433006 7013
9.885469551862602 6265
1.052432636444653 7275
2.177584280150384 1268
-8.129044508483851 8723
3.206000147602129 6691
1.999686836616835 9023
-1.6000971884480002 4225
7.732046873522137 2396
-4.481607295467176 4165
