3.672244842447352 2280
-5.077257194941849 8724
0.988712977072165 5143
-8.400018565966702 1383
8.34300258575179 9515
0.6479631759835165 3736
-5.943641224270668 8530
5.762324396794865 3483
2.2703051511141332 2773
2.5609554346278447 309
-9.613402953390935 1026
-0.3050455399583676 56
-3.3223687811995406 1290
-3.8073818216464943 5817
-2.6800520359477513 4165
-4.957987364402767 8449
-1.5994385718628639 4393
-4.474812966708994 692
6.122012740422594 8932
7.743827248397746 4780
-7.8233457571361225 9010
-0.9195774093101008 6941
-3.2262658243126268 9257
6.826149103210284 255
-9.952066136707911 9637
-1.4541894855936732 9800
3.240993685369137 2021
-5.424836550148071 6623
-6.686951839685477 7469
-1.6672908187317788 3206
-2.3798569385417796 6307
2.147098888494817 3026
2.9626662129133443 5200
3.151056511500494 417
1.5671353852031 8610
3.0247899949839123 5138
2.573060341595843 731
5.581672882930434 5473
8.129946575695215 8545
2.20425540348068 935
-4.900426381368761 1894
-4.159316099361594 4681
9.464198390322938 9339
6.182853024926274 7494
1.874435514971287 5533
4.4172254538229225 7649
7.172609867000514 4580
2.57356628038114 1680
-5.367606246995731 4525
-5.457642335248652 2063
