8.73819377680466 9105
4.338171508310955 238
9.305310168118481 3856
-8.661436187326705 3253
-5.167355643239295 2847
-0.16286555046571038 2337
-6.1254774132734635 7746
-9.518768140655832 3283
-9.32556907807494 8510
-7.512703941894321 8083
8.70940944324306 7964
8.32170771991477 4824
6.70728368554995 6555
-1.1944204141281478 315
-8.714316680074594 2670
-4.1219315255328475 7325
4.596925630730194 4385
-2.6308770805880988 8128
-3.472139551177591 8269
-8.777403897136075 5368
5.309500385707391 1009
8.451286044844114 6488
5.788819427836319 9685
-4.13806607178159 3622
7.783733107656758 4425
5.1207065318618135 4512
5.932429020694908 577
-1.313076472214716 7597
-5.594623813795295 7527
8.00992961035594 4130
7.543302257516494 219
3.5350974838663554 5615
-2.134105660422925 1347
6.248585632493114 3545
1.2454518058895374 3446
2.4636330986534674 2124
7.994642199740198 1148
-2.2814814936449785 7841
-8.363975004060313 2871
-6.770717774026458 1712
-5.31717726979493 1163
-1.4793447748992534 6624
3.071096554805127 6050
4.5627860941886595 2872
6.81006691693252 8786
-8.701019923128207 6149
-2.686408352904097 8016
-4.909835083489917 3511
2.5670523870739856 2245
-5.51890649715582 9154
2.4379667609532074 1683
2.6534396145481836 154
4.691924112019205 156
9.174625539238551 3735
-5.292641133532879 4473
9.09953124502685 1504
5.742757513951114 5067
-6.275195916880428 4643
8.565495868055283 3238
-2.582623211688304 1445
-6.518860998592393 3180
-0.9183503175909014 5708
-3.2531129934806273 4305
-2.597478347996862 7775
-1.477770777191278 5305
-6.144548780078473 8214
-6.846394813864858 7858
9.709562773688557 581
-2.583967755047696 4468
-3.785154814544189 230
-4.578562575520855 8130
-8.475910195320965 1728
-0.8603974046165774 1779
-7.27124056286133 9888
6.492423921322626 8855
3.000892145828967 2778
-9.667328589630715 323
-6.9348804010674066 3352
6.604649239380546 8268
-4.436526086905417 3984
-4.4407058669946675 738
9.482223706838457 6880
8.21405860635565 1959
-6.244007991375504 4514
-6.597010398914501 5505
9.128426172097296 4660
-2.0699724554278864 2980
-0.9521925255192691 1997
-2.3230023382472087 1431
-1.265512352105695 1593
0.5025697399968188 4148
-8.73449472128311 730
