-2.893982072231031 381
-3.0054649230373336 12
-1.046358762074334 23
-5.759940022904755 335
-7.78359338567155 549
-8.176260387084762 632
-4.008365134506542 806
7.744486705318955 383
9.366247650135023 168
9.131874396703004 373
5.125223993149346 185
-9.263622139966973 641
3.402200157080779 394
-6.954262144959806 367
1.4011596756418587 163
-9.358397936647451 267
1.6530075434435538 768
1.0097268405240563 540
5.469286362408139 377
6.3983812015979495 716
6.578202539353615 944
1.712306783516393 559
3.3001747176710374 136
8.030406841621279 285
-4.234142773167657 288
3.733741366413309 25
9.339863475313809 593
-2.340102343976067 448
2.7339049006450225 855
-7.7322316183508155 398
-3.9799457125357414 878
-8.229518703202922 302
1.0428035561408429 146
-9.374155839327463 107
0.22510065462109274 895
-0.924759824431014 682
1.2419788228424764 776
-3.9073701665088123 323
