9.968214550633945 902
-7.6039285288247065 558
5.714137678398101 846
-8.499767074786849 784
-8.190287009623988 35
5.316557705706877 488
9.736044693026724 444
0.8126516731708016 325
5.156013314130611 660
9.472057825727653 976
-3.665035105757384 432
-1.690779182916133 139
-2.4447307528308766 526
4.23440651372292 950
-6.394364100044321 457
-0.5623865743708993 101
3.392218304902485 681
2.0428291147198827 378
0.9277540044065002 240
9.862012454841746 231
-1.015403084584893 248
4.366899995604967 861
1.5146083142017037 749
