-0.1346119308555771 526
-4.3575722355149615 192
-9.757239485174834 268
7.836619699831026 156
-5.855149081300488 772
-6.180731674345637 88
4.42669052448257 418
-9.658640102168913 220
4.532230458513993 747
-5.401810669138259 621
-7.361723214118889 877
-5.761988587735103 160
9.833301607027508 826
5.930126276027089 994
-4.811687361115046 662
4.850676614289167 676
0.2537424746200543 886
-1.748155462963311 3
8.041770291777116 270
3.810010313820902 879
-2.419970399432721 687
-6.880767053369334 909
-3.5860521387174904 194
8.785103504848234 936
-6.614306014247799 880
