7.884387926732256 359
-5.043378954153319 959
-8.322469382502472 539
0.16809511676200373 60
-4.2051080074767855 625
-2.846600449066374 803
2.289577782590978 537
2.0401378851641496 362
4.831229339929912 568
-9.869847121920037 507
4.4958713256984915 219
-5.477159722671909 671
-3.7143894590148285 976
-9.11076922790337 784
-5.189447117884423 636
-8.232395658364595 255
-6.665249885014899 63
-3.1213229180510886 202
7.712562199601315 928
2.0693609444849272 581
1.1882748067223474 853
-6.27637691036385 544
0.0991094002934787 535
-5.815176567047455 100
7.312722237026669 598
-4.018108232396123 614
7.159227067070169 791
6.632963925448767 493
-7.954019284083332 850
3.554583321427547 39
-8.766599557784613 642
