5.351158427479623 450
-8.775479849010338 41
6.612819063849525 347
-5.783500147939269 839
3.0755903615307965 19
-9.971218667278514 264
2.50817295661996 921
-1.8597724870428003 554
7.123656685977174 649
-7.899954056944214 779
1.6965657326275583 48
-8.585031863517298 541
-3.6145520809532865 635
-6.470072056879741 195
6.429619409054347 770
-1.1140068172735695 385
8.346446726730314 310
-8.952373648684782 763
6.5493181727875545 46
-2.672452072826337 636
8.577430106888478 161
3.3378836763907405 647
-7.458230766065448 73
-9.441599915127085 967
-0.8135428734337538 710
-7.675042805608174 890
3.4809256590369113 982
5.3834851856914785 698
